
va = [ 8.44610913047045+3.27070122188124i  -0.975636258475944+9.06859643912554i  16.3535927870439+20.1881071656576i  21.597261519314+16.6073709962807i  21.4947961004582+15.2796575153459i ];

vb = [ 11.2359784876506+12.7717686810894i  0.730701220979935+19.0132381554739i  23.1628976338924+16.9609473952958i  21.0675818461572+24.6563028382245i  13.2445861128836+15.5101196400894i  20.1326338361147+24.8724696141318i  18.9770281970817+9.52810869364729i ];

vc = [ 53.127661063492+144.621280638196i  -182.799283007533+252.411743654108i  -107.063330692361+642.786802206013i  -420.445688542788+1258.78436639071i  -400.240871641623+1955.28191825734i  -274.349419576324+2380.27012307183i  71.6445484110197+2422.760205004i  -173.24044383068+2382.81455382137i  187.431901414279+1946.21603756602i  304.31904687117+1363.18801568527i  262.321114080996+494.767245103422i ];

vd = [ 191.445647871096-18.4072565216594i  319.28473500539+37.1632160316624i  871.207519618243+346.451604907459i  1785.7732668373+104.961004883356i  2385.24051912997+43.6814551145025i  2398.28514401007-251.527096734764i  2415.74688186884-169.34874396278i  2112.16581029837-371.540073658737i  1530.16672590264-391.180979893248i  760.993907617373-486.755977977772i  436.663317893451-102.844660501138i  0+0i  0+0i ];

ve = [ 231.522588107049-58.7505989809676i  354.324521611776+140.205541101123i  993.672476028691+279.098312111351i  1594.99085717353+279.605954313897i  2277.96589111602+0i  1594.99085717353-279.605954313897i  993.672476028691-279.098312111351i  354.324521611776-140.205541101123i  231.522588107049+58.7505989809676i ];

vf = [ 231.522588107049-58.7505989809676i  354.324521611776+140.205541101123i  993.672476028691+279.098312111351i  1594.99085717353+279.605954313897i  2277.96589111602+0i  1594.99085717353-279.605954313897i  993.672476028691-279.098312111351i  354.324521611776-140.205541101123i  231.522588107049+58.7505989809676i ];
