
dC = [
[ 0.7071+0.7071i  -0.7071-0.7071i  -0.7071+0.7071i  0.7071-0.7071i  -0.7071+0.7071i  -0.7071+0.7071i  0.7071-0.7071i  0.7071+0.7071i  -0.7071-0.7071i  0.7071-0.7071i ]
[ 0.7071+0.7071i  0.7071-0.7071i  -0.7071+0.7071i  0.7071-0.7071i  -0.7071+0.7071i  0.7071+0.7071i  0.7071+0.7071i  0.7071+0.7071i  0.7071-0.7071i  0.7071-0.7071i ]
[ -0.7071-0.7071i  -0.7071-0.7071i  -0.7071-0.7071i  0.7071+0.7071i  -0.7071+0.7071i  0.7071+0.7071i  -0.7071+0.7071i  -0.7071+0.7071i  -0.7071+0.7071i  -0.7071-0.7071i ]
[ 0.7071+0.7071i  -0.7071+0.7071i  0.7071+0.7071i  0.7071-0.7071i  -0.7071+0.7071i  -0.7071-0.7071i  0.7071-0.7071i  -0.7071-0.7071i  -0.7071-0.7071i  0.7071+0.7071i ]
[ -0.7071+0.7071i  -0.7071-0.7071i  -0.7071+0.7071i  -0.7071-0.7071i  0.7071+0.7071i  -0.7071+0.7071i  0.7071+0.7071i  0.7071+0.7071i  -0.7071+0.7071i  0.7071+0.7071i ]
];

dD = [
[ 0.208-1.0232i  -0.0138+0.7343i  0.3385-0.5815i  -0.5719+0.9439i  1.276+0.2108i  1.5854-0.487i  -0.6542+0.436i  -0.9331-1.5975i  -0.1929+1.3478i  -1.5527-0.1633i ]
[ 1.2152-0.0313i  -0.3269-0.2576i  0.7608+0.6997i  -0.241-1.0145i  -0.0505+0.5817i  0.2587-0.2865i  1.2176-0.5773i  0.5677-0.3341i  0.263-0.9502i  -0.9166-0.9516i ]
[ -0.8776-0.9092i  -1.0419-0.6472i  -0.4797-0.2419i  0.3043+0.3933i  -0.2802+1.0301i  0.3584+0.1359i  -0.8008+0.7739i  -0.1767+1.0433i  -0.7076+0.915i  -0.5827-0.3932i ]
[ -1.1483+0.6144i  -1.0254-1.1172i  -0.319+1.6108i  0.3282+0.2829i  -0.6038-0.2114i  0.427-0.4473i  1.3677+0.6109i  0.3201-1.138i  0.2824-1.5586i  0.0901+0.6432i ]
[ 0.037-0.8413i  1.3872+0.508i  0.1236-1.6137i  1.3922-0.1795i  -1.3656-0.6352i  0.303-1.1063i  -1.9292-0.4228i  -0.5165+0.3267i  -0.1785-0.7675i  -0.6919+0.6406i ]
];

xyob = [
[ 0.7071+0.7071i ]
[ 0.7071+0.7071i ]
[ -0.7071-0.7071i ]
[ 0.7071+0.7071i ]
[ -0.7071+0.7071i ]
[ -0.7071-0.7071i ]
[ 0.7071-0.7071i ]
[ -0.7071-0.7071i ]
[ -0.7071+0.7071i ]
[ -0.7071-0.7071i ]
[ -0.7071+0.7071i ]
[ -0.7071+0.7071i ]
[ -0.7071-0.7071i ]
[ 0.7071+0.7071i ]
[ -0.7071+0.7071i ]
[ 0.7071-0.7071i ]
[ 0.7071-0.7071i ]
[ 0.7071+0.7071i ]
[ 0.7071-0.7071i ]
[ -0.7071-0.7071i ]
[ -0.7071+0.7071i ]
[ -0.7071+0.7071i ]
[ -0.7071+0.7071i ]
[ -0.7071+0.7071i ]
[ 0.7071+0.7071i ]
[ -0.7071+0.7071i ]
[ 0.7071+0.7071i ]
[ 0.7071+0.7071i ]
[ -0.7071-0.7071i ]
[ -0.7071+0.7071i ]
[ 0.7071-0.7071i ]
[ 0.7071+0.7071i ]
[ -0.7071+0.7071i ]
[ 0.7071-0.7071i ]
[ 0.7071+0.7071i ]
[ 0.7071+0.7071i ]
[ 0.7071+0.7071i ]
[ -0.7071+0.7071i ]
[ -0.7071-0.7071i ]
[ 0.7071+0.7071i ]
[ -0.7071-0.7071i ]
[ 0.7071-0.7071i ]
[ -0.7071+0.7071i ]
[ -0.7071-0.7071i ]
[ -0.7071+0.7071i ]
[ 0.7071-0.7071i ]
[ 0.7071-0.7071i ]
[ -0.7071-0.7071i ]
[ 0.7071+0.7071i ]
[ 0.7071+0.7071i ]
];

xA = [
[ 0.208-1.0232i  0+0i  0+0i  0+0i  0+0i ]
[ 0+0i  1.2152-0.0313i  0+0i  0+0i  0+0i ]
[ 0+0i  0+0i  -0.8776-0.9092i  0+0i  0+0i ]
[ 0+0i  0+0i  0+0i  -1.1483+0.6144i  0+0i ]
[ 0+0i  0+0i  0+0i  0+0i  0.037-0.8413i ]
[ -0.0138+0.7343i  0+0i  0+0i  0+0i  0+0i ]
[ 0+0i  -0.3269-0.2576i  0+0i  0+0i  0+0i ]
[ 0+0i  0+0i  -1.0419-0.6472i  0+0i  0+0i ]
[ 0+0i  0+0i  0+0i  -1.0254-1.1172i  0+0i ]
[ 0+0i  0+0i  0+0i  0+0i  1.3872+0.508i ]
[ 0.3385-0.5815i  0+0i  0+0i  0+0i  0+0i ]
[ 0+0i  0.7608+0.6997i  0+0i  0+0i  0+0i ]
[ 0+0i  0+0i  -0.4797-0.2419i  0+0i  0+0i ]
[ 0+0i  0+0i  0+0i  -0.319+1.6108i  0+0i ]
[ 0+0i  0+0i  0+0i  0+0i  0.1236-1.6137i ]
[ -0.5719+0.9439i  0+0i  0+0i  0+0i  0+0i ]
[ 0+0i  -0.241-1.0145i  0+0i  0+0i  0+0i ]
[ 0+0i  0+0i  0.3043+0.3933i  0+0i  0+0i ]
[ 0+0i  0+0i  0+0i  0.3282+0.2829i  0+0i ]
[ 0+0i  0+0i  0+0i  0+0i  1.3922-0.1795i ]
[ 1.276+0.2108i  0+0i  0+0i  0+0i  0+0i ]
[ 0+0i  -0.0505+0.5817i  0+0i  0+0i  0+0i ]
[ 0+0i  0+0i  -0.2802+1.0301i  0+0i  0+0i ]
[ 0+0i  0+0i  0+0i  -0.6038-0.2114i  0+0i ]
[ 0+0i  0+0i  0+0i  0+0i  -1.3656-0.6352i ]
[ 1.5854-0.487i  0+0i  0+0i  0+0i  0+0i ]
[ 0+0i  0.2587-0.2865i  0+0i  0+0i  0+0i ]
[ 0+0i  0+0i  0.3584+0.1359i  0+0i  0+0i ]
[ 0+0i  0+0i  0+0i  0.427-0.4473i  0+0i ]
[ 0+0i  0+0i  0+0i  0+0i  0.303-1.1063i ]
[ -0.6542+0.436i  0+0i  0+0i  0+0i  0+0i ]
[ 0+0i  1.2176-0.5773i  0+0i  0+0i  0+0i ]
[ 0+0i  0+0i  -0.8008+0.7739i  0+0i  0+0i ]
[ 0+0i  0+0i  0+0i  1.3677+0.6109i  0+0i ]
[ 0+0i  0+0i  0+0i  0+0i  -1.9292-0.4228i ]
[ -0.9331-1.5975i  0+0i  0+0i  0+0i  0+0i ]
[ 0+0i  0.5677-0.3341i  0+0i  0+0i  0+0i ]
[ 0+0i  0+0i  -0.1767+1.0433i  0+0i  0+0i ]
[ 0+0i  0+0i  0+0i  0.3201-1.138i  0+0i ]
[ 0+0i  0+0i  0+0i  0+0i  -0.5165+0.3267i ]
[ -0.1929+1.3478i  0+0i  0+0i  0+0i  0+0i ]
[ 0+0i  0.263-0.9502i  0+0i  0+0i  0+0i ]
[ 0+0i  0+0i  -0.7076+0.915i  0+0i  0+0i ]
[ 0+0i  0+0i  0+0i  0.2824-1.5586i  0+0i ]
[ 0+0i  0+0i  0+0i  0+0i  -0.1785-0.7675i ]
[ -1.5527-0.1633i  0+0i  0+0i  0+0i  0+0i ]
[ 0+0i  -0.9166-0.9516i  0+0i  0+0i  0+0i ]
[ 0+0i  0+0i  -0.5827-0.3932i  0+0i  0+0i ]
[ 0+0i  0+0i  0+0i  0.0901+0.6432i  0+0i ]
[ 0+0i  0+0i  0+0i  0+0i  -0.6919+0.6406i ]
];

xh = [
[ -0.570488977886694+0.347634602788107i ]
[ 0.333268747920285+0.795973266280238i ]
[ 0.898876253203126+0.20224697114343i ]
[ 0.227394056384615-0.674532015482387i ]
[ -0.504935268380802-0.447183632741643i ]
];

xxSf = [ -0.57049+0.34763i  0.33327+0.79597i  0.89888+0.20225i  0.22739-0.67453i  -0.50494-0.44718i ];

xSf = [ 0.1326-0.43065i  -0.88844-0.55865i  -1.4479+1.1335i  0.80193+2.3126i  3.0015+0i  0.80193-2.3126i  -1.4479-1.1335i  -0.88844+0.55865i  0.1326+0.43065i ];

xAf = [
[ 3.0015+0i  0.80193-2.3126i  -1.4479-1.1335i  -0.88844+0.55865i  0.1326+0.43065i ]
[ 0.80193+2.3126i  3.0015+0i  0.80193-2.3126i  -1.4479-1.1335i  -0.88844+0.55865i ]
[ -1.4479+1.1335i  0.80193+2.3126i  3.0015+0i  0.80193-2.3126i  -1.4479-1.1335i ]
[ -0.88844-0.55865i  -1.4479+1.1335i  0.80193+2.3126i  3.0015+0i  0.80193-2.3126i ]
[ 0.1326-0.43065i  -0.88844-0.55865i  -1.4479+1.1335i  0.80193+2.3126i  3.0015+0i ]
];

xS = [
[10.282 0 0 0 0 ]
[0 3.4186 0 0 0 ]
[0 0 0.68275 0 0 ]
[0 0 0 0.33327 0 ]
[0 0 0 0 0.29043 ]
];

xU = [
[ -0.3803+2.0586e-017i  0.60102+1.6719e-016i  -0.58672+3.4434e-016i  0.14742+3.6783e-017i  0.35801-1.2203e-015i ]
[ -0.15396-0.4485i  0.12709+0.35017i  0.098327+0.20392i  0.091242-0.47758i  -0.25334-0.53342i ]
[ 0.40233-0.31491i  0.00041344+0.00051955i  -0.36642+0.27341i  -0.67025-0.1857i  0.10218+0.18915i ]
[ 0.39838+0.25719i  0.31268+0.20248i  -0.16748-0.15232i  -0.16754+0.45644i  -0.30724-0.50431i ]
[ -0.091347+0.36916i  -0.13497+0.58567i  -0.16705+0.56243i  0.1264+0.075867i  -0.19627+0.29942i ]
];

xV = [
[ -0.3803+0i  0.60102+0i  -0.58672+0i  0.14742+0i  0.35801+0i ]
[ -0.15396-0.4485i  0.12709+0.35017i  0.098327+0.20392i  0.091242-0.47758i  -0.25334-0.53342i ]
[ 0.40233-0.31491i  0.00041344+0.00051955i  -0.36642+0.27341i  -0.67025-0.1857i  0.10218+0.18915i ]
[ 0.39838+0.25719i  0.31268+0.20248i  -0.16748-0.15232i  -0.16754+0.45644i  -0.30724-0.50431i ]
[ -0.091347+0.36916i  -0.13497+0.58567i  -0.16705+0.56243i  0.1264+0.075867i  -0.19627+0.29942i ]
];

xa = [0.082401 0.027396 0.0054714 0.0026708 0.0023274 ];

xb = [3.3062 4.3317 5.9099 6.6227 6.7598 ];

xgg = [7.0275e-011 0.00026203 0.18273 0.43432 0.48323 ];

xf = [1 0.99974 0.81727 0.56568 0.51677 ];

xnD = [
[ -0.3967+0.23867i ]
[ 0.15252+0.4366i ]
[ 0.50634+0.1671i ]
[ 0.006029-0.35612i ]
[ -0.36646-0.33099i ]
];

xnC = [
[ 1+0i  0+0i  0+0i  0+0i  0+0i ]
[ 0+0i  0.99974+0i  0+0i  0+0i  0+0i ]
[ 0+0i  0+0i  0.81727+0i  0+0i  0+0i ]
[ 0+0i  0+0i  0+0i  0.56568+0i  0+0i ]
[ 0+0i  0+0i  0+0i  0+0i  0.51677+0i ]
];

xCF = [
[ -0.85688-0.51552i ]
[ 0.32978-0.94406i ]
[ 0.94962-0.3134i ]
[ 0.016928+0.99986i ]
[ -0.74211+0.67028i ]
];
