
xhest = [
[ -1.21701284663878-0.491069809525076i ]
[ -0.657964139406227+0.131610491842784i ]
[ -0.012623093870608+1.12296167829948i ]
[ 0.640410621765213+0.822577401127455i ]
[ 1.20907259199506+0.23441271089621i ]
[ 0.802203279505209-0.169301641907432i ]
[ 0.435268754327584-1.01738394926205i ]
[ -0.323695473374487-0.88812364047339i ]
[ 0.515834658622814+0.0725186268593078i ]
[ 0.287043670604525-0.435367532717752i ]
[ -0.0451378406738416-0.236572545105031i ]
[ -0.443514277004968-0.314430303387831i ]
[ -0.567806498264909-0.273731720391903i ]
[ -0.404876855158508+0.333205949076044i ]
[ -0.280819575700287+0.411865270596207i ]
[ 0.14441164825348+0.339357556220652i ]
];

xhest1EM = [
[ -1.16159834266835-0.417525648839811i ]
[ -0.748265539821513+0.150150974606937i ]
[ -0.0239075540390679+1.06381854202322i ]
[ 0.751289191016455+0.901184976974413i ]
[ 1.17231324476093+0.129220433564109i ]
[ 0.894463630034529-0.160342778647123i ]
[ 0.365063860402512-0.914417631613002i ]
[ -0.359798385437858-0.972963029528553i ]
];

xhest2EM = [
[ 0.302324326602332+0.163261506498521i ]
[ 0.352837876549956-0.534064361623879i ]
[ -0.0482936141414938+0.0441678744698388i ]
[ -0.603616932446272-0.520074653669694i ]
[ -0.387370835403499-0.395564205529259i ]
[ -0.48398955985823+0.454644064252624i ]
[ -0.172002387118391+0.157519283280693i ]
[ 0.225335516597101+0.561388466338998i ]
];
