
xC = [
[ 0.7071-0.7071i  0.7071-0.7071i  -0.7071+0.7071i  0.7071-0.7071i  -0.7071-0.7071i ]
[ -0.7071+0.7071i  0.7071+0.7071i  -0.7071+0.7071i  -0.7071-0.7071i  -0.7071+0.7071i ]
[ -0.7071-0.7071i  -0.7071-0.7071i  -0.7071+0.7071i  0.7071-0.7071i  -0.7071-0.7071i ]
[ 0.7071+0.7071i  0.7071+0.7071i  0.7071-0.7071i  0.7071+0.7071i  -0.7071+0.7071i ]
[ -0.7071-0.7071i  -0.7071-0.7071i  -0.7071-0.7071i  -0.7071-0.7071i  0.7071-0.7071i ]
[ -0.7071-0.7071i  0.7071-0.7071i  0.7071-0.7071i  -0.7071+0.7071i  -0.7071-0.7071i ]
[ 0.7071+0.7071i  0.7071-0.7071i  -0.7071-0.7071i  0.7071+0.7071i  0.7071-0.7071i ]
[ 0.7071-0.7071i  0.7071-0.7071i  -0.7071-0.7071i  -0.7071+0.7071i  0.7071-0.7071i ]
[ -0.7071+0.7071i  0.7071+0.7071i  -0.7071-0.7071i  -0.7071+0.7071i  -0.7071-0.7071i ]
[ 0.7071+0.7071i  0.7071+0.7071i  -0.7071+0.7071i  0.7071-0.7071i  0.7071-0.7071i ]
];

xD = [
[ 0.208+1.0232i  1.2152+0.0313i  -0.8776+0.9092i  -1.1483-0.6144i  0.037+0.8413i ]
[ -0.0138-0.7343i  -0.3269+0.2576i  -1.0419+0.6472i  -1.0254+1.1172i  1.3872-0.508i ]
[ 0.3385+0.5815i  0.7608-0.6997i  -0.4797+0.2419i  -0.319-1.6108i  0.1236+1.6137i ]
[ -0.5719-0.9439i  -0.241+1.0145i  0.3043-0.3933i  0.3282-0.2829i  1.3922+0.1795i ]
[ 1.276-0.2108i  -0.0505-0.5817i  -0.2802-1.0301i  -0.6038+0.2114i  -1.3656+0.6352i ]
[ 1.5854+0.487i  0.2587+0.2865i  0.3584-0.1359i  0.427+0.4473i  0.303+1.1063i ]
[ -0.6542-0.436i  1.2176+0.5773i  -0.8008-0.7739i  1.3677-0.6109i  -1.9292+0.4228i ]
[ -0.9331+1.5975i  0.5677+0.3341i  -0.1767-1.0433i  0.3201+1.138i  -0.5165-0.3267i ]
[ -0.1929-1.3478i  0.263+0.9502i  -0.7076-0.915i  0.2824+1.5586i  -0.1785+0.7675i ]
[ -1.5527+0.1633i  -0.9166+0.9516i  -0.5827+0.3932i  0.0901-0.6432i  -0.6919-0.6406i ]
];

tC = [
[ 0.7071+0.7071i  -0.7071-0.7071i  -0.7071+0.7071i  0.7071-0.7071i  -0.7071+0.7071i  -0.7071+0.7071i  0.7071-0.7071i  0.7071+0.7071i  -0.7071-0.7071i  0.7071-0.7071i ]
[ 0.7071+0.7071i  0.7071-0.7071i  -0.7071+0.7071i  0.7071-0.7071i  -0.7071+0.7071i  0.7071+0.7071i  0.7071+0.7071i  0.7071+0.7071i  0.7071-0.7071i  0.7071-0.7071i ]
[ -0.7071-0.7071i  -0.7071-0.7071i  -0.7071-0.7071i  0.7071+0.7071i  -0.7071+0.7071i  0.7071+0.7071i  -0.7071+0.7071i  -0.7071+0.7071i  -0.7071+0.7071i  -0.7071-0.7071i ]
[ 0.7071+0.7071i  -0.7071+0.7071i  0.7071+0.7071i  0.7071-0.7071i  -0.7071+0.7071i  -0.7071-0.7071i  0.7071-0.7071i  -0.7071-0.7071i  -0.7071-0.7071i  0.7071+0.7071i ]
[ -0.7071+0.7071i  -0.7071-0.7071i  -0.7071+0.7071i  -0.7071-0.7071i  0.7071+0.7071i  -0.7071+0.7071i  0.7071+0.7071i  0.7071+0.7071i  -0.7071+0.7071i  0.7071+0.7071i ]
];

tD = [
[ 0.208-1.0232i  -0.0138+0.7343i  0.3385-0.5815i  -0.5719+0.9439i  1.276+0.2108i  1.5854-0.487i  -0.6542+0.436i  -0.9331-1.5975i  -0.1929+1.3478i  -1.5527-0.1633i ]
[ 1.2152-0.0313i  -0.3269-0.2576i  0.7608+0.6997i  -0.241-1.0145i  -0.0505+0.5817i  0.2587-0.2865i  1.2176-0.5773i  0.5677-0.3341i  0.263-0.9502i  -0.9166-0.9516i ]
[ -0.8776-0.9092i  -1.0419-0.6472i  -0.4797-0.2419i  0.3043+0.3933i  -0.2802+1.0301i  0.3584+0.1359i  -0.8008+0.7739i  -0.1767+1.0433i  -0.7076+0.915i  -0.5827-0.3932i ]
[ -1.1483+0.6144i  -1.0254-1.1172i  -0.319+1.6108i  0.3282+0.2829i  -0.6038-0.2114i  0.427-0.4473i  1.3677+0.6109i  0.3201-1.138i  0.2824-1.5586i  0.0901+0.6432i ]
[ 0.037-0.8413i  1.3872+0.508i  0.1236-1.6137i  1.3922-0.1795i  -1.3656-0.6352i  0.303-1.1063i  -1.9292-0.4228i  -0.5165+0.3267i  -0.1785-0.7675i  -0.6919+0.6406i ]
];
C = tC; D=tD;