
fd = [-84.4985473918331 113.314730932183 -134.15275547429 -31.5373009725962 91.1852110824301 57.6067914671729 -111.945963974491 36.0622512088244 67.8661257146985 117.107963562978 -96.5216500079931 35.181225921257 -106.359553516978 -103.426798398034 -149.357304627437 102.698877151687 -85.4736180482078 -126.430162319317 26.9167543718969 -111.366795430582 -111.900360261052 -93.9223030974291 105.638720281892 145.834815864744 -149.802291841607 -115.530117625366 54.3017485784026 -100.591324271534 149.80261165615 -84.7325006894725 92.8665333706917 -120.532335662843 -39.3880268823521 -44.0858530051217 -125.411672459544 -85.6032911708193 -135.551969609259 121.775261985932 47.546834022978 -127.934797761634 -146.908234129502 109.607922795635 -117.231421300571 149.853297580129 148.833500662452 139.700066549207 141.242119199912 80.0788450224121 -5.43811787199281 -58.9491561050111 -0.598711200146078 -1.95852724708379 -146.23886924308 -141.912585849232 -77.174428928219 141.669895676902 -124.590144321904 -24.7127063379036 -54.0846051068784 45.7641176037328 7.24760781707356 -32.5861809121098 149.523259539846 11.9548116328953 -95.761486692 7.85463692797113 63.4718606147528 -110.932357380825 -89.0998910875832 -144.152739854921 59.8921278945712 58.5987657509764 85.2486651432494 125.114100445761 100.929713258085 101.344038845458 117.593419395913 -134.438029047561 -44.9310651405072 -144.013103043174 42.6837338817315 128.969042452401 140.056538893381 38.3779722779673 -127.725103918309 94.8079771604156 -127.262163972643 141.136671473221 -82.2105239145862 -88.7458180926648 -147.826794534748 143.481608792291 -1.87689178145571 -6.35928421392293 -122.880122570269 -85.2813616062184 -21.9637048910085 -46.1624532691056 95.9245550816545 86.7911823650911 143.430814257631 -104.18805327886 -144.999029230659 -36.7063998764246 115.454419916975 -77.1104116775528 -55.5285500271436 -69.6841909313733 146.31608273058 -148.452220328193 -146.286318512408 -145.516056408061 -110.206096558337 -80.7974713621367 -20.8731622159744 -36.7544339015791 -145.998492306875 -18.2780091400773 75.9589756937701 149.423553464761 147.029585846329 -148.84665542395 -148.562463525402 46.8651263210785 -149.978551775322 57.3358821209618 -21.2878760307715 -140.529404674268 43.4756229042797 43.295046010489 65.2134508360394 27.8343826864175 -116.48192626075 23.9615626203565 149.725574607376 -6.51106704368319 -42.7928074241125 -120.689008905397 138.256063894365 107.551758161116 -65.6092265403137 -63.3008784033871 27.6673669812052 -70.9057134363048 -110.935501970097 149.838957342283 -148.147369348253 -143.06616188477 8.89262888052169 -126.463095320026 -110.046027918792 -31.3122718460367 123.214358504399 138.098065886961 147.90686587196 69.7573341221141 12.9162007979572 14.753471232876 -45.4328124841136 -100.682847557616 145.313893567259 -38.0678411006627 -115.751838479045 127.940848063583 84.2600111592699 91.8062525396408 -62.6173426794566 141.765897177289 144.818829718035 -13.9694852299829 59.08630759217 149.592351909719 147.53675729939 5.51890025744855 -118.550756614719 -1.64304052068084 -132.855000247068 -144.862100491917 22.490066912868 -71.9929156050856 143.031767413356 -149.855586508721 -7.42635410787787 -135.597845936358 6.32530814156413 114.109458596519 -115.224154799403 -148.686704596577 135.96415673258 84.4660543967123 138.894622486618 -87.421413730834 -93.3115718849448 -70.8059024366559 -53.7399373604363 -75.3688998034984 -37.717885068982 148.344446677505 137.024222336301 102.171031857764 -129.486293871185 136.974456770598 -66.0194085511795 127.09465236117 -144.889072420156 105.468368739172 -144.965268068301 -147.960558770204 -52.6815116022452 128.725152268423 31.4365805045725 6.92897508780521 76.4199146534352 -143.718469610518 -51.2425200252562 -54.4609036216434 137.27948838079 -29.4646948614733 -118.940778242524 64.9577868730802 91.7274794218354 -82.1215785326367 109.560806606056 70.0269524066238 -63.3304346847348 110.151474696032 -75.7632115392282 110.628999881825 -44.1266859695458 -18.0080603856714 40.122199802706 119.604231003572 87.3201675422293 95.4352054664613 -143.759793741795 51.7463909449447 -70.6838677781565 50.0161673378338 106.598554966905 137.343256346575 143.669544622436 -71.5338115893436 105.831798894454 1.77407412824879 149.731562611479 -123.440591661786 -147.10654336639 60.2975408766485 149.767134625567 -134.5216641121 -73.8634401377627 70.2250223764772 -22.3986479097946 -77.0364367930209 -78.492491723817 -57.551096417925 129.44935380285 61.9090176046917 -99.0675261388172 -13.5443582394108 44.3763305147585 -84.6685853682664 -87.8062635409026 8.22809871172037 101.157689695307 113.924438203852 111.074953181281 129.96841219044 -146.029863870335 122.262332656215 26.0911016597732 -0.167806251634235 -21.2267658399862 66.232901952919 85.6900879594094 -61.9308414559087 136.378508981142 -144.176220316913 -149.68345073447 149.867072583485 43.6212726634887 -149.188934063655 2.99645029495538 146.761416161379 -147.576740321778 96.6604805761893 3.38118161947232 126.57011053362 149.808597190031 -137.036663124018 -56.3018390455035 -127.296623877169 -81.0127545134589 25.7478180259292 83.2764155062633 42.9560893550635 140.640349764881 -48.6455490340527 124.11947602989 -53.6503228000456 -147.714909651597 133.304523978673 -69.0885515903585 149.98607511518 -102.614010142352 59.9059850124032 -131.116727788198 -52.5688681237809 52.7505004876512 47.1642578112432 -139.782367435266 149.89820586291 68.7299616227015 136.308660821846 143.548606581468 -113.452621513722 -58.4794215247935 104.737213458876 -120.004039913596 135.087230828911 72.8874595827225 59.3380973792145 65.4929686472264 84.244840899494 -135.510666155785 -44.5388311945227 133.219131048338 -19.2015258588382 -143.475257128566 147.092383248791 -12.2245204351348 10.7009523441556 -11.9553123755455 -37.8188742338388 -141.948790271001 48.878081828233 -54.5121838467495 65.3199499469934 131.45523070302 129.186382049302 67.9424561099119 -104.99019137394 -149.555701292173 131.621999260171 -13.2743756597807 105.419320168555 -126.962310266474 58.9512507836691 40.1030904381271 -143.860225353364 104.202716000775 33.7239249188717 87.9235152237019 105.209897158133 143.983651785397 15.4782747188575 57.9308588426459 146.259710868112 -141.275012138492 70.0004533521447 106.345093856008 -122.684771497932 -113.733945917234 116.790886526649 -105.584727218901 136.701414488117 -149.879154308058 124.254746657016 -74.4265996549853 69.9271079635568 43.7742415317918 104.0333230605 -75.4677269845792 89.6078037791305 46.941543007232 144.131476305642 146.397704701838 -50.2491963798012 115.66246047142 49.9919360997889 114.920715331371 114.598168154685 -31.9126263203537 -28.2537024594431 125.011436454802 -76.0188855594901 -105.663279700537 84.5190621116338 129.723771732571 -149.321693745536 -43.1473762956667 33.1271089338821 84.8262839171671 -2.63361604688765 -35.210682493268 -49.217953792977 -39.7620585053356 -80.0905922871648 -27.1381974853906 -54.1386004177931 126.132990190007 117.794798964446 133.281259570005 -122.910598414748 -137.51529375035 149.228153438459 135.638927308192 -135.915419185571 146.77029089278 -109.224987153007 -116.802124987895 -81.664978922892 109.776018439355 145.424939466366 -147.193361641415 -79.6881344007511 -140.55817612005 -95.786767525537 64.0817071798656 -66.0019567912359 -95.7751906880796 74.9361042937734 60.161312795709 -94.5924966033822 -13.019832603278 123.200964515488 142.015644860995 -12.4690073781453 -130.196954469296 32.2660238365986 148.071950313317 -118.827597222048 -78.3377863526199 -18.7588394840951 -127.660172620904 18.2952447677335 17.9111164598626 -66.8615584264259 56.0891283654648 -136.645391035677 26.0808988756345 -14.4582810745157 -75.9363026029322 10.5484551335587 106.308357543421 102.893538404639 -120.727490476628 42.5188406532794 -149.182248987049 -112.095006469491 -92.2110151647214 -140.828077706916 6.53395889105783 -149.908773274085 -31.0857555630021 -149.464293930369 17.6780929542461 -84.9471036837203 149.750846352936 