%[psk_tx, ant1, ant2, sigma_h, sigma_h_cross, path_1_1, path_2_1, h_curr, noise, W, X_pilot] = prepare() 
function [psk_tx, ant1, ant2, sigma_h, sigma_h_cross, path_1_1, path_2_1, h_curr, noise, W, X_pilot] = prepare() 

psk_tx = [ 0+1i  0-1i  0-1i  0-1i  0-1i  1+0i  -1+0i  1+0i  0-1i  0+1i  0+1i  1+0i  -1+0i  0-1i  -1+0i  -1+0i  1+0i  0+1i  0-1i  0-1i  0+1i  0+1i  0+1i  1+0i  0-1i  1+0i  -1+0i  -1+0i  0+1i  -1+0i  -1+0i  0-1i  -1+0i  0+1i  0+1i  -1+0i  0-1i  -1+0i  1+0i  1+0i  0-1i  -1+0i  0-1i  0-1i  0-1i  1+0i  0+1i  1+0i  1+0i  0+1i  0+1i  0+1i  0-1i  0+1i  0+1i  1+0i  0-1i  1+0i  1+0i  0-1i  -1+0i  0-1i  -1+0i  1+0i  0+1i  1+0i  -1+0i  1+0i  -1+0i  1+0i  0-1i  1+0i  0+1i  0-1i  1+0i  -1+0i  -1+0i  -1+0i  1+0i  0+1i  1+0i  -1+0i  0-1i  -1+0i  1+0i  -1+0i  -1+0i  1+0i  0-1i  0+1i  -1+0i  0-1i  -1+0i  -1+0i  0+1i  0+1i  0+1i  -1+0i  0-1i  0-1i  -1+0i  0-1i  -1+0i  -1+0i  1+0i  0+1i  0-1i  1+0i  0-1i  1+0i  -1+0i  0+1i  0+1i  0-1i  0+1i  0-1i  0-1i  -1+0i  1+0i  0-1i  0-1i  0-1i  1+0i  0+1i  -1+0i  1+0i  -1+0i  1+0i  0-1i  -1+0i  -1+0i  0-1i  -1+0i  0-1i  -1+0i  1+0i  0-1i  1+0i  -1+0i  0-1i  0+1i  0-1i  0-1i  -1+0i  0+1i  1+0i  0-1i  0+1i  -1+0i  0+1i  0-1i  0+1i  1+0i  0-1i  1+0i  -1+0i  -1+0i  0+1i  1+0i  0-1i  -1+0i  0-1i  -1+0i  1+0i  1+0i  0-1i  0-1i  0-1i  -1+0i  0-1i  0-1i  -1+0i  1+0i  1+0i  0-1i  0-1i  0+1i  -1+0i  1+0i  0+1i  0+1i  -1+0i  0-1i  1+0i  -1+0i  1+0i  0-1i  0-1i  0-1i  1+0i  -1+0i  -1+0i  -1+0i  1+0i  -1+0i  0-1i  0-1i  1+0i  0+1i  0-1i  1+0i  1+0i  -1+0i  -1+0i  -1+0i  0+1i  -1+0i  1+0i  0+1i  0+1i  -1+0i  0-1i  1+0i  0-1i  -1+0i  1+0i  1+0i  0+1i  1+0i  -1+0i  0+1i  0+1i  0+1i  1+0i  -1+0i  -1+0i  1+0i  0+1i  -1+0i  0+1i  -1+0i  1+0i  -1+0i  0+1i  -1+0i  -1+0i  0-1i  1+0i  0-1i  1+0i  1+0i  1+0i  1+0i  0+1i  1+0i  -1+0i  1+0i  1+0i  -1+0i  -1+0i  -1+0i  0-1i  0+1i  0+1i  0+1i  1+0i  1+0i  -1+0i  -1+0i  -1+0i  0+1i  0+1i  -1+0i  0+1i  -1+0i  -1+0i  0+1i  0-1i  0+1i  0+1i  0+1i  0+1i  0-1i  0+1i  -1+0i  -1+0i  0+1i  0+1i  0+1i  -1+0i  0-1i  1+0i  0-1i  0-1i  0+1i  -1+0i  0+1i  1+0i  1+0i  0-1i  0-1i  -1+0i  0-1i  0-1i  0-1i  0+1i  0-1i  0+1i  0+1i  1+0i  0+1i  1+0i  0-1i  -1+0i  0-1i  -1+0i  0+1i  1+0i  1+0i  0-1i  1+0i  -1+0i  1+0i  -1+0i  0-1i  -1+0i  0-1i  0+1i  -1+0i  1+0i  1+0i  0+1i  0+1i  -1+0i  0+1i  0+1i  1+0i  0+1i  -1+0i  -1+0i  -1+0i  1+0i  0-1i  -1+0i  0+1i  1+0i  0+1i  0+1i  -1+0i  1+0i  1+0i  0+1i  0-1i  1+0i  -1+0i  0-1i  0+1i  1+0i  1+0i  1+0i  0-1i  -1+0i  0+1i  0-1i  1+0i  0+1i  0-1i  0-1i  1+0i  1+0i  0-1i  0+1i  1+0i  -1+0i  0+1i  0+1i  0+1i  0+1i  0+1i  0-1i  -1+0i  0+1i  1+0i  1+0i  0+1i  1+0i  -1+0i  -1+0i  -1+0i  1+0i  0+1i  0-1i  1+0i  1+0i  0+1i  1+0i  0+1i  1+0i  -1+0i  0+1i  0-1i  -1+0i  -1+0i  0-1i  1+0i  0-1i  0-1i  0-1i  1+0i  0+1i  0-1i  -1+0i  0+1i  0+1i  0+1i  0+1i  0-1i  -1+0i  0-1i  -1+0i  -1+0i  0+1i  1+0i  1+0i  -1+0i  1+0i  -1+0i  -1+0i  0-1i  0+1i  0+1i  1+0i  -1+0i  0-1i  1+0i  0-1i  -1+0i  -1+0i  1+0i  0-1i  1+0i  1+0i  1+0i  0-1i  1+0i  0-1i  0-1i  -1+0i  0-1i  -1+0i  0-1i  -1+0i  1+0i  0-1i  0-1i  -1+0i  0+1i  -1+0i  1+0i  1+0i  -1+0i  -1+0i  1+0i  1+0i  -1+0i  1+0i  0-1i  -1+0i  0+1i  0+1i  1+0i  -1+0i  -1+0i  1+0i  -1+0i  0+1i  0-1i  -1+0i  0-1i  0-1i  0+1i  -1+0i  -1+0i  0+1i  -1+0i  1+0i  0-1i  0+1i  0-1i  0+1i  0+1i  -1+0i  0+1i  0+1i  0-1i  -1+0i  0-1i  0-1i  -1+0i  -1+0i  1+0i  0+1i  0-1i  0-1i  1+0i  -1+0i  0-1i  -1+0i  0-1i  0+1i  -1+0i  0+1i  0-1i  0-1i  0-1i  0-1i  0-1i  1+0i  1+0i  0-1i  1+0i  -1+0i  1+0i  1+0i  0-1i  -1+0i  0+1i  1+0i  0+1i  1+0i  -1+0i  1+0i  -1+0i  -1+0i  0-1i  1+0i  1+0i  0+1i  -1+0i  0-1i  0+1i  1+0i  1+0i  -1+0i  0+1i  0-1i  1+0i  0+1i  -1+0i  1+0i  0-1i  0+1i  -1+0i  1+0i  -1+0i  1+0i  1+0i  0+1i  1+0i  -1+0i  1+0i  1+0i  0-1i  0+1i  1+0i  1+0i  0+1i  0+1i  -1+0i  -1+0i  -1+0i  -1+0i  -1+0i  0-1i  0+1i  1+0i  1+0i  -1+0i  0-1i  0+1i  0+1i  1+0i  0+1i  -1+0i  -1+0i  0-1i  0+1i  0+1i  0+1i  0+1i  -1+0i  0-1i  1+0i  -1+0i  0+1i  1+0i  -1+0i  -1+0i  1+0i  1+0i  0+1i  0-1i  0-1i  0-1i  -1+0i  0-1i  0+1i  0-1i  0+1i  0+1i  0+1i  1+0i  -1+0i  0+1i  0-1i  -1+0i  0-1i  0-1i  -1+0i  1+0i  0+1i  -1+0i  1+0i  0-1i  -1+0i  0-1i  -1+0i  0-1i  0+1i  -1+0i  1+0i  -1+0i  0-1i  0+1i  -1+0i  0+1i  0+1i  0-1i  1+0i  0+1i  -1+0i  -1+0i  1+0i  0-1i  -1+0i  0+1i  1+0i  0+1i  0+1i  0-1i  1+0i  1+0i  1+0i  -1+0i  -1+0i  1+0i  -1+0i  0-1i  0-1i  1+0i  1+0i  1+0i  -1+0i  0+1i  0-1i  1+0i  0+1i  0-1i  -1+0i  1+0i  1+0i  0+1i  0-1i  0+1i  0-1i  1+0i  1+0i  0-1i  0-1i  0-1i  0-1i  0-1i  0+1i  1+0i  1+0i  0+1i  1+0i  0-1i  1+0i  1+0i  0+1i  -1+0i  -1+0i  -1+0i  0-1i  -1+0i  1+0i  0-1i  1+0i  -1+0i  0+1i  0-1i  1+0i  1+0i  0+1i  -1+0i  1+0i  1+0i  1+0i  0-1i  1+0i  0-1i  0-1i  -1+0i  1+0i  -1+0i  0-1i  0-1i  -1+0i  0+1i  1+0i  -1+0i  -1+0i  0-1i  0-1i  1+0i  1+0i  1+0i  -1+0i  0+1i  0+1i  0-1i  1+0i  0+1i  1+0i  1+0i  0-1i  0+1i  1+0i  0+1i  -1+0i  0+1i  1+0i  -1+0i  -1+0i  -1+0i  -1+0i  0+1i  0-1i  0+1i  -1+0i  0+1i  0+1i  -1+0i  0+1i  1+0i  -1+0i  0-1i  0-1i  1+0i  0-1i  1+0i  0-1i  0-1i  0-1i  0-1i  0+1i  1+0i  0+1i  1+0i  0-1i  1+0i  1+0i  0+1i  0+1i  0-1i  0+1i  0-1i  1+0i  -1+0i  1+0i  -1+0i  1+0i  -1+0i  1+0i  0+1i  -1+0i  0-1i  1+0i  1+0i  1+0i  0+1i  0-1i  0-1i  1+0i  -1+0i  1+0i  1+0i  0+1i  0+1i  0+1i  1+0i  0-1i  1+0i  0+1i  0+1i  1+0i  1+0i  1+0i  -1+0i  1+0i  0-1i  0-1i  0-1i  -1+0i  1+0i  1+0i  0+1i  0+1i  1+0i  1+0i  1+0i  1+0i  0+1i  0-1i  1+0i  1+0i  1+0i  0-1i  0-1i  0-1i  1+0i  -1+0i  1+0i  -1+0i  0-1i  -1+0i  0-1i  0-1i  0-1i  0-1i  1+0i  0+1i  1+0i  1+0i  1+0i  1+0i  -1+0i  1+0i  1+0i  0+1i  1+0i  1+0i  0+1i  -1+0i  0-1i  0+1i  1+0i  0+1i  -1+0i  0+1i  0+1i  -1+0i  -1+0i  -1+0i  -1+0i  0+1i  -1+0i  -1+0i  -1+0i  0-1i  1+0i  1+0i  0-1i  0-1i  -1+0i  1+0i  0-1i  0-1i  1+0i  1+0i  0-1i  0-1i  0-1i  0-1i  0+1i  0+1i  0+1i  0+1i  1+0i  0+1i  -1+0i  -1+0i  0-1i  0+1i  -1+0i  1+0i  1+0i  0-1i  1+0i  -1+0i  1+0i  -1+0i  1+0i  0+1i  0-1i  0+1i  0-1i  1+0i  0-1i  1+0i  0+1i  1+0i  0+1i  -1+0i  0-1i  -1+0i  0+1i  1+0i  0-1i  1+0i  0-1i  1+0i  0+1i  1+0i  0+1i  1+0i  1+0i  -1+0i  -1+0i  0-1i  1+0i  0+1i  0+1i  0+1i  -1+0i  1+0i  1+0i  1+0i  0+1i  1+0i  1+0i  0+1i  -1+0i  0-1i  1+0i  1+0i  0-1i  0-1i  1+0i  0-1i  1+0i  0+1i  0+1i  0-1i  1+0i  0+1i  1+0i  0-1i  1+0i  0-1i  0+1i  0+1i  1+0i  1+0i  1+0i  -1+0i  1+0i  1+0i  1+0i  0+1i  0-1i  1+0i  0+1i  1+0i  1+0i  1+0i  1+0i  0+1i  1+0i  0-1i  0-1i  1+0i  1+0i  1+0i  0-1i  1+0i  1+0i  1+0i  0+1i  -1+0i  1+0i  0-1i  1+0i  0+1i  0+1i  -1+0i  0+1i  0+1i  1+0i  0+1i  1+0i  1+0i  1+0i  -1+0i  -1+0i  -1+0i  -1+0i  0-1i  1+0i  0+1i  0+1i  0+1i  1+0i  -1+0i  0+1i  1+0i  -1+0i  0-1i  1+0i  1+0i  1+0i  1+0i  0-1i  0-1i  0-1i  0-1i  -1+0i  -1+0i  -1+0i  -1+0i  0-1i  1+0i  0-1i  1+0i  0+1i  0+1i  1+0i  -1+0i  0-1i  1+0i  -1+0i  1+0i  -1+0i  1+0i  -1+0i  0+1i  0+1i  0+1i  0+1i  0+1i  -1+0i  1+0i  1+0i  0+1i  1+0i  0-1i  1+0i  1+0i  -1+0i  0+1i  -1+0i  0+1i  -1+0i  0+1i  0-1i  0+1i  0-1i  0+1i  0-1i  -1+0i  0+1i  1+0i  0-1i  -1+0i  1+0i  0-1i  -1+0i  -1+0i  0+1i  0+1i  0+1i  0+1i  0-1i  -1+0i  0-1i  -1+0i  0-1i  -1+0i  1+0i  0+1i  0-1i  0+1i  0+1i  0-1i  0-1i  1+0i  -1+0i  -1+0i  1+0i  0-1i  0-1i  -1+0i  0+1i  1+0i  0-1i  -1+0i  0+1i  -1+0i  0-1i  1+0i  0-1i  -1+0i  0-1i  0-1i  1+0i  0-1i  0+1i  1+0i  0-1i  -1+0i  0+1i  0-1i  1+0i  -1+0i  0+1i  0-1i  0-1i  -1+0i  0+1i  -1+0i  1+0i  -1+0i  0-1i  0+1i  1+0i  0-1i  0-1i  1+0i  1+0i  0-1i  -1+0i  -1+0i  0+1i  0-1i  -1+0i  1+0i  0-1i  0+1i  1+0i  0-1i  1+0i  1+0i  -1+0i  -1+0i  1+0i  1+0i  0+1i  0-1i  0+1i  0-1i  0-1i  0+1i  1+0i  0-1i  1+0i  -1+0i  0-1i  1+0i  -1+0i  0+1i  1+0i  0-1i  0+1i  1+0i  0-1i  0+1i  -1+0i  0-1i  0+1i  0-1i  0+1i  -1+0i  1+0i  1+0i  0-1i  -1+0i  -1+0i  0+1i  -1+0i  0-1i  1+0i  0-1i  0-1i  0+1i  1+0i  1+0i  1+0i  0+1i  0+1i  0+1i  0-1i  1+0i  1+0i  -1+0i  0+1i  0+1i  0-1i  0-1i  -1+0i  -1+0i  1+0i  -1+0i  0+1i  0-1i  -1+0i  1+0i  -1+0i  0+1i  0-1i  -1+0i  1+0i  1+0i  0-1i  0+1i  0-1i  -1+0i  1+0i  0-1i  1+0i  0-1i  0+1i  0-1i  1+0i  1+0i  0+1i  1+0i  -1+0i  -1+0i  -1+0i  0+1i  1+0i  -1+0i  0-1i  -1+0i  0+1i  -1+0i  1+0i  1+0i  1+0i  0+1i  1+0i  -1+0i  0+1i  